{
    "distances": [
      [0, 10, 15, 20, 25, 30, 35, 40, 45, 50],
      [10, 0, 25, 30, 35, 40, 45, 50, 55, 60],
      [15, 25, 0, 35, 40, 45, 50, 55, 60, 65],
      [20, 30, 35, 0, 45, 50, 55, 60, 65, 70],
      [25, 35, 40, 45, 0, 55, 60, 65, 70, 75],
      [30, 40, 45, 50, 55, 0, 65, 70, 75, 80],
      [35, 45, 50, 55, 60, 65, 0, 75, 80, 85],
      [40, 50, 55, 60, 65, 70, 75, 0, 85, 90],
      [45, 55, 60, 65, 70, 75, 80, 85, 0, 95],
      [50, 60, 65, 70, 75, 80, 85, 90, 95, 0]
    ]
   
}
