{
   "distances_2" : [
    [0, 10, 15, 20, 25, 30, 35, 40, 45, 50, 55, 60, 65, 70, 75],
    [10, 0, 18, 23, 28, 33, 38, 43, 48, 53, 58, 63, 68, 73, 78],
    [15, 18, 0, 25, 30, 35, 40, 45, 50, 55, 60, 65, 70, 75, 80],
    [20, 23, 25, 0, 18, 23, 28, 33, 38, 43, 48, 53, 58, 63, 68],
    [25, 28, 30, 18, 0, 25, 30, 35, 40, 45, 50, 55, 60, 65, 70],
    [30, 33, 35, 23, 25, 0, 18, 23, 28, 33, 38, 43, 48, 53, 58],
    [35, 38, 40, 28, 30, 18, 0, 25, 30, 35, 40, 45, 50, 55, 60],
    [40, 43, 45, 33, 35, 23, 25, 0, 18, 23, 28, 33, 38, 43, 48],
    [45, 48, 50, 38, 40, 28, 30, 18, 0, 25, 30, 35, 40, 45, 50],
    [50, 53, 55, 43, 45, 33, 35, 23, 25, 0, 18, 23, 28, 33, 38],
    [55, 58, 60, 48, 50, 38, 40, 28, 30, 18, 0, 25, 30, 35, 40],
    [60, 63, 65, 53, 55, 43, 45, 33, 35, 23, 25, 0, 18, 23, 28],
    [65, 68, 70, 58, 60, 48, 50, 38, 40, 28, 30, 18, 0, 25, 30],
    [70, 73, 75, 63, 65, 53, 55, 43, 45, 33, 35, 23, 25, 0, 18],
    [75, 78, 80, 68, 70, 58, 60, 48, 50, 38, 40, 28, 30, 18, 0]
  ]
  
}  
